roadtype ['rural' 'highway' 'urban'] 

num_lanes [2 1 3 4] 

curvature [0.29 0.34 0.76 0.37 0.39 0.52 0.06 0.72 0.09 0.89 0.54 0.94 0.4  0.98
 0.61 0.12 0.56 0.05 0.44 0.67 0.13 0.16 0.27 0.85 0.55 0.96 0.62 0.08
 0.41 0.73 0.25 0.02 0.99 0.47 0.03 0.45 0.01 0.14 0.35 0.49 0.48 0.93
 0.53 0.43 0.15 0.38 0.33 0.95 0.31 0.23 0.75 0.88 0.36 0.7  0.26 0.32
 0.3  0.1  0.42 0.84 0.46 0.58 0.74 0.24 0.91 0.71 0.17 0.59 0.07 0.2
 0.77 0.57 0.66 0.28 0.22 0.11 0.63 0.83 0.9  0.6  0.97 0.19 0.8  0.04
 0.65 0.18 0.68 0.81 0.51 0.86 0.69 0.64 0.87 0.79 1.   0.5  0.78 0.21
 0.   0.82 0.92] 

speed_limit [70 25 45 60 35] 

lighting ['night' 'dim' 'daylight'] 

weather ['rainy' 'clear' 'foggy'] 

road_signs_present [False  True] 

public_road [ True False] 

time_of_day ['evening' 'morning' 'afternoon'] 

holiday [False  True] 

school_season [False  True] 

num_reported_accidents [ 1  3  0  2  6  5  4  8  7 10  9] 

accident_risk [0.64 0.27 0.76 0.6  0.17 0.59 0.03 0.38 0.51 0.24 0.49 0.08 0.63 0.1
 0.28 0.31 0.3  0.37 0.4  0.25 0.36 0.42 0.45 0.35 0.09 0.14 0.18 0.22
 0.33 0.7  0.13 0.2  0.74 0.06 0.82 0.65 0.12 0.44 0.39 0.29 0.53 0.21
 0.81 0.26 0.43 0.62 0.61 0.32 0.01 0.58 0.46 0.15 0.55 0.41 0.16 0.34
 0.23 0.05 0.56 0.54 0.77 0.47 0.5  0.57 0.   0.48 0.52 0.19 0.71 0.73
 0.04 0.66 0.11 0.68 0.07 0.75 0.86 0.69 0.85 0.67 0.78 0.83 0.72 0.8
 0.02 0.79 0.84 0.87 0.99 0.94 0.89 0.92 0.9  0.91 0.88 0.93 0.95 1.
 0.98 0.96 0.97] 

